
**************** Input File ****************
Job name: my_job
Input file path: benchmark/examples/ethane.mol2
Calculation type: intl
Maximum number of cycles: 300
RMS tolerance: 0.000001
Cartesian convergence: 0.00001
Log level: Trace
Output file path: ./ethane_intl.log

**************** Internal Optimization ****************
The input file has 8 atoms.

Atoms and coordinates (in Angstrom):
C   -0.756000    0.050000    0.000000
C    0.756000    0.000000    0.050000
H   -1.140400    0.658600    0.784500
H   -1.140400    0.350100   -0.962600
H   -1.140500   -1.008700    0.478100
H    1.140400   -0.350100    0.962600
H    1.140500    1.008700   -0.178100
H    1.140400   -0.658600   -0.784500

Number of coordinates:
Stretching: 7  Bending: 12  Torsion: 9
Internal: 28  Cartesian: 24

Potential energy at input structure:
 10.992616 kcal/mol
Stretch, Bend, Torsion, VDW components of potential energy:
  7.060187    3.817312    0.294863   -0.179746

List of all bonds: (At1 - At2, with labels, and distance in Angstrom, energy contrib in kcal/mol)
C 1 - C 2:     1.51365     0.08017
C 1 - H 3:     1.06471     0.71806
C 1 - H 4:     1.07908     0.33453
C 1 - H 5:     1.22363     4.51897
C 2 - H 6:     1.05032     1.24660
C 2 - H 7:     1.10333     0.01555
C 2 - H 8:     1.13045     0.14631

List of all bending angles: (At1 - At2 - At3, with labels, angle in radian then degrees, energy contribution
C 2 - C 1 - H 3:     1.93391     110.805     0.01815
C 2 - C 1 - H 4:     1.97631     113.234     0.14868
C 2 - C 1 - H 5:     1.84668     105.807     0.14540
H 3 - C 1 - H 4:     1.94949     111.697     0.05148
H 3 - C 1 - H 5:     1.66416      95.349     2.13495
H 4 - C 1 - H 5:     2.06830     118.505     0.86448
C 1 - C 2 - H 6:     1.98810     113.910     0.20732
C 1 - C 2 - H 7:     1.88713     108.124     0.02018
C 1 - C 2 - H 8:     1.91190     109.544     0.00002
H 6 - C 2 - H 7:     1.93566     110.905     0.02106
H 6 - C 2 - H 8:     1.89944     108.830     0.00479
H 7 - C 2 - H 8:     1.83539     105.160     0.20081

List of all torsional angles: (At1 - At2 - At3 - At4, with labels, angle in radian then degrees,  energy contrib in kcal/mol
H 3 - C 1 - C 2 - H 6:     1.00032      57.314     0.00296
H 3 - C 1 - C 2 - H 7:    -1.15981     -66.452     0.01696
H 3 - C 1 - C 2 - H 8:     3.13211     179.457     0.00012
H 4 - C 1 - C 2 - H 6:    -3.07664    -176.279     0.00568
H 4 - C 1 - C 2 - H 7:     1.04641      59.955     0.00000
H 4 - C 1 - C 2 - H 8:    -0.94485     -54.136     0.01403
H 5 - C 1 - C 2 - H 6:    -0.78329     -44.879     0.08921
H 5 - C 1 - C 2 - H 7:    -2.94343    -168.646     0.05147
H 5 - C 1 - C 2 - H 8:     1.34849      77.263     0.11443

List of LJ atom pairs: (At1 - At2, with labels, distance,  vdW energy contrib in kcal/mol
C 1 - C 2:     1.51365     0.00000
C 1 - H 3:     1.06471     0.00000
C 1 - H 4:     1.07908     0.00000
C 1 - H 5:     1.22363     0.00000
C 1 - H 6:     2.16403     0.00000
C 1 - H 7:     2.13250     0.00000
C 1 - H 8:     2.17115     0.00000
C 2 - H 6:     1.05032     0.00000
C 2 - H 7:     1.10333     0.00000
C 2 - H 8:     1.13045     0.00000
C 2 - H 3:     2.13766     0.00000
C 2 - H 4:     2.17813     0.00000
C 2 - H 5:     2.19031     0.00000
H 3 - H 4:     1.77413     0.00000
H 3 - H 5:     1.69522     0.00000
H 3 - H 6:     2.50025    -0.02044
H 3 - H 7:     2.50033    -0.02045
H 3 - H 8:     3.06575    -0.02126
H 4 - H 5:     1.98039     0.00000
H 4 - H 6:     3.06573    -0.02126
H 4 - H 7:     2.50034    -0.02045
H 4 - H 8:     2.50025    -0.02044
H 5 - H 6:     2.42301    -0.00631
H 5 - H 7:     3.11504    -0.01985
H 5 - H 8:     2.63044    -0.02929
H 6 - H 7:     1.77413     0.00000
H 6 - H 8:     1.77413     0.00000
H 7 - H 8:     1.77415     0.00000
Geometry optimization gradient RMS threshold:      0.00000100
Initial potential energy:
 10.992616
Wilson B Matrix at the initial structure: 28 rows of 24 elements
   -0.99891     0.03303    -0.03303     0.99891    -0.03303     0.03303     0.00000     0.00000     0.00000     0.00000     0.00000     0.00000     0.00000     0.00000     0.00000     0.00000     0.00000     0.00000     0.00000     0.00000     0.00000     0.00000     0.00000     0.00000 
    0.36104    -0.57161    -0.73682     0.00000     0.00000     0.00000    -0.36104     0.57161     0.73682     0.00000     0.00000     0.00000     0.00000     0.00000     0.00000     0.00000     0.00000     0.00000     0.00000     0.00000     0.00000     0.00000     0.00000     0.00000 
    0.35623    -0.27811     0.89205     0.00000     0.00000     0.00000     0.00000     0.00000     0.00000    -0.35623     0.27811    -0.89205     0.00000     0.00000     0.00000     0.00000     0.00000     0.00000     0.00000     0.00000     0.00000     0.00000     0.00000     0.00000 
    0.31423     0.86521    -0.39072     0.00000     0.00000     0.00000     0.00000     0.00000     0.00000     0.00000     0.00000     0.00000    -0.31423    -0.86521     0.39072     0.00000     0.00000     0.00000     0.00000     0.00000     0.00000     0.00000     0.00000     0.00000 
    0.00000     0.00000     0.00000    -0.36598     0.33333    -0.86888     0.00000     0.00000     0.00000     0.00000     0.00000     0.00000     0.00000     0.00000     0.00000     0.36598    -0.33333     0.86888     0.00000     0.00000     0.00000     0.00000     0.00000     0.00000 
    0.00000     0.00000     0.00000    -0.34849    -0.91423     0.20674     0.00000     0.00000     0.00000     0.00000     0.00000     0.00000     0.00000     0.00000     0.00000     0.00000     0.00000     0.00000     0.34849     0.91423    -0.20674     0.00000     0.00000     0.00000 
    0.00000     0.00000     0.00000    -0.34004     0.58260     0.73820     0.00000     0.00000     0.00000     0.00000     0.00000     0.00000     0.00000     0.00000     0.00000     0.00000     0.00000     0.00000     0.00000     0.00000     0.00000     0.34004    -0.58260    -0.73820 
    0.87039     0.56649     0.82517     0.00441    -0.39569    -0.52903    -0.87480    -0.17080    -0.29614     0.00000     0.00000     0.00000     0.00000     0.00000     0.00000     0.00000     0.00000     0.00000     0.00000     0.00000     0.00000     0.00000     0.00000     0.00000 
    0.89288     0.26791    -0.95357    -0.02720    -0.19058     0.63198     0.00000     0.00000     0.00000    -0.86568    -0.07733     0.32159     0.00000     0.00000     0.00000     0.00000     0.00000     0.00000     0.00000     0.00000     0.00000     0.00000     0.00000     0.00000 
    0.74681    -0.82849     0.39291     0.02893     0.60025    -0.27446     0.00000     0.00000     0.00000     0.00000     0.00000     0.00000    -0.77573     0.22824    -0.11846     0.00000     0.00000     0.00000     0.00000     0.00000     0.00000     0.00000     0.00000     0.00000 
   -0.98646     1.16740    -0.22041     0.00000     0.00000     0.00000     0.49502    -0.49474     0.62637     0.49145    -0.67266    -0.40596     0.00000     0.00000     0.00000     0.00000     0.00000     0.00000     0.00000     0.00000     0.00000     0.00000     0.00000     0.00000 
   -0.64857    -0.36293     1.06808     0.00000     0.00000     0.00000     0.32817     0.76592    -0.43338     0.00000     0.00000     0.00000     0.32039    -0.40298    -0.63470     0.00000     0.00000     0.00000     0.00000     0.00000     0.00000     0.00000     0.00000     0.00000 
   -0.98139    -0.89781    -0.69308     0.00000     0.00000     0.00000     0.00000     0.00000     0.00000     0.51064     0.77245     0.03690     0.47074     0.12536     0.65618     0.00000     0.00000     0.00000     0.00000     0.00000     0.00000     0.00000     0.00000     0.00000 
    0.02809     0.23121    -0.61824    -0.91393    -0.33751     0.95059     0.00000     0.00000     0.00000     0.00000     0.00000     0.00000     0.00000     0.00000     0.00000     0.88584     0.10630    -0.33235     0.00000     0.00000     0.00000     0.00000     0.00000     0.00000 
   -0.02624    -0.64266     0.15086    -0.82299     0.94539    -0.24369     0.00000     0.00000     0.00000     0.00000     0.00000     0.00000     0.00000     0.00000     0.00000     0.00000     0.00000     0.00000     0.84924    -0.30272     0.09283     0.00000     0.00000     0.00000 
   -0.00412     0.40068     0.52526    -0.82676    -0.55263    -0.78808     0.00000     0.00000     0.00000     0.00000     0.00000     0.00000     0.00000     0.00000     0.00000     0.00000     0.00000     0.00000     0.00000     0.00000     0.00000     0.83088     0.15194     0.26282 
    0.00000     0.00000     0.00000     0.96400     0.80365     0.87671     0.00000     0.00000     0.00000     0.00000     0.00000     0.00000     0.00000     0.00000     0.00000    -0.48827    -0.81055    -0.10528    -0.47573     0.00690    -0.77142     0.00000     0.00000     0.00000 
    0.00000     0.00000     0.00000     0.90552    -1.18157     0.12891     0.00000     0.00000     0.00000     0.00000     0.00000     0.00000     0.00000     0.00000     0.00000    -0.46088     0.69428     0.46048     0.00000     0.00000     0.00000    -0.44464     0.48729    -0.58939 
    0.00000     0.00000     0.00000     0.80578     0.37569    -1.11037     0.00000     0.00000     0.00000     0.00000     0.00000     0.00000     0.00000     0.00000     0.00000     0.00000     0.00000     0.00000    -0.40489     0.32257     0.74396    -0.40089    -0.69825     0.36641 
   -0.06373    -1.27896     0.64822     0.03743     1.45005     0.31822     0.04646     0.80391    -0.60090     0.00000     0.00000     0.00000     0.00000     0.00000     0.00000    -0.02015    -0.97499    -0.36555     0.00000     0.00000     0.00000     0.00000     0.00000     0.00000 
   -0.06338    -0.95515     0.96143     0.04037    -0.06753    -1.28847     0.04646     0.80391    -0.60090     0.00000     0.00000     0.00000     0.00000     0.00000     0.00000     0.00000     0.00000     0.00000    -0.02345     0.21877     0.92793     0.00000     0.00000     0.00000 
   -0.04720    -0.81845     0.60899    -0.04271    -0.73115     0.56040     0.04646     0.80391    -0.60090     0.00000     0.00000     0.00000     0.00000     0.00000     0.00000     0.00000     0.00000     0.00000     0.00000     0.00000     0.00000     0.04346     0.74570    -0.56850 
    0.02285     0.96226     0.27129     0.01956     0.97779     0.38624     0.00000     0.00000     0.00000    -0.02226    -0.96506    -0.29198     0.00000     0.00000     0.00000    -0.02015    -0.97499    -0.36555     0.00000     0.00000     0.00000     0.00000     0.00000     0.00000 
    0.02320     1.28607     0.58450     0.02251    -0.53979    -1.22046     0.00000     0.00000     0.00000    -0.02226    -0.96506    -0.29198     0.00000     0.00000     0.00000     0.00000     0.00000     0.00000    -0.02345     0.21877     0.92793     0.00000     0.00000     0.00000 
    0.03938     1.42277     0.23206    -0.06058    -1.20341     0.62841     0.00000     0.00000     0.00000    -0.02226    -0.96506    -0.29198     0.00000     0.00000     0.00000     0.00000     0.00000     0.00000     0.00000     0.00000     0.00000     0.04346     0.74570    -0.56850 
    0.01121    -0.70578    -1.04491     0.02277     1.32708     0.63837     0.00000     0.00000     0.00000     0.00000     0.00000     0.00000    -0.01384     0.35369     0.77209    -0.02015    -0.97499    -0.36555     0.00000     0.00000     0.00000     0.00000     0.00000     0.00000 
    0.01156    -0.38197    -0.73170     0.02572    -0.19050    -0.96832     0.00000     0.00000     0.00000     0.00000     0.00000     0.00000    -0.01384     0.35369     0.77209     0.00000     0.00000     0.00000    -0.02345     0.21877     0.92793     0.00000     0.00000     0.00000 
    0.02774    -0.24528    -1.08414    -0.05736    -0.85411     0.88055     0.00000     0.00000     0.00000     0.00000     0.00000     0.00000    -0.01384     0.35369     0.77209     0.00000     0.00000     0.00000     0.00000     0.00000     0.00000     0.04346     0.74570    -0.56850 

G matrix, the product of B with its own transpose (square, dimension 0)
    2.00000    -0.35519    -0.39449    -0.27240    -0.40530    -0.31108    -0.33453    -0.87798    -0.85155    -0.78634     1.03123     0.60059     0.97355    -0.87039    -0.86137    -0.83364     0.96536     0.94782     0.75581     0.00000    -0.00000    -0.00000     0.00000     0.00000     0.00000     0.00000    -0.00000    -0.00000 
   -0.35519     2.00000    -0.36970    -0.09322     0.00000     0.00000     0.00000    -0.61758     0.87184     0.45369    -0.86105    -0.81368     0.66956     0.33351     0.24673    -0.61755     0.00000     0.00000     0.00000     0.23044    -0.18531     0.00208    -0.74168    -1.15743    -0.97004     1.17740     0.76165     0.94904 
   -0.39449    -0.36970     2.00000    -0.47723     0.00000     0.00000     0.00000     0.88861    -0.60707     0.84694    -0.87268     0.82268    -0.71817    -0.60579     0.30395     0.35566     0.00000     0.00000     0.00000     0.91123     1.10071     0.75405    -0.01747     0.17201    -0.17465    -0.73184    -0.54236    -0.88902 
   -0.27240    -0.09322    -0.47723     2.00000     0.00000     0.00000     0.00000     0.44122     0.88495    -0.63567     0.78620    -0.93514    -0.81437     0.45043    -0.62323     0.14015     0.00000     0.00000     0.00000    -1.37987    -1.22198    -0.96092     0.73374     0.89164     1.15270    -0.19886    -0.04096     0.22010 
   -0.40530     0.00000     0.00000     0.00000     2.00000    -0.35683    -0.32276     0.32616    -0.60269     0.42796     0.00000     0.00000     0.00000    -0.60396     0.82806     0.80312    -0.84668    -0.83726     0.79510     0.19314     1.08224    -0.71500    -0.01683     0.87226    -0.92497    -0.12065     0.76844    -1.02879 
   -0.31108     0.00000     0.00000     0.00000    -0.35683     2.00000    -0.26152     0.25084     0.31437    -0.61559     0.00000     0.00000     0.00000     0.82358    -0.62787     0.63042    -0.88942     0.79131    -0.85382    -1.27293    -0.21870     0.79918    -0.82089     0.23333     1.25122    -1.08922    -0.03499     0.98289 
   -0.33453     0.00000     0.00000     0.00000    -0.32276    -0.26152     2.00000    -0.62256     0.36475     0.13727     0.00000     0.00000     0.00000     0.81587     0.65075    -0.62259     0.78760    -0.90113    -0.87480     1.06699    -1.00423     0.00224     0.84813    -1.22308    -0.21661     1.23666    -0.83455     0.17192 
   -0.87798    -0.61758     0.88861     0.44122     0.32616     0.25084    -0.62256     3.07801    -0.11699     0.41271    -0.91319    -0.17832    -1.93470    -0.72810    -0.51121     1.28877    -0.77755     0.40333     0.44232    -0.98705     0.90564    -0.00956     0.19771     2.09040     1.17520    -2.11502    -0.22233    -1.13753 
   -0.85155     0.87184    -0.60707     0.88495    -0.60269     0.31437     0.36475    -0.11699     3.07356    -0.21846    -0.86183    -1.69481    -0.94581     1.36649    -0.65125    -0.76745     0.37468     0.28202    -0.79525    -1.09392    -2.03180    -0.34746     0.07673    -0.86115     0.82318     0.96723     0.02936     1.71369 
   -0.78634     0.45369     0.84694    -0.63567     0.42796    -0.61559     0.13727     0.41271    -0.21846     2.50284    -1.79048    -0.02934    -0.67569    -0.90341     1.18266    -0.26799     0.26966    -0.71842     0.55356     2.05084     1.43602     0.28819    -0.19208    -0.80690    -1.95473     0.80458     0.18976    -0.95806 
    1.03123    -0.86105    -0.87268     0.78620     0.00000     0.00000     0.00000    -0.91319    -0.86183    -1.79048     4.12546    -0.50725    -0.21087     0.37847    -0.75761     0.35605     0.00000     0.00000     0.00000    -2.32418    -2.01554    -1.79424     1.79776     2.10640     2.32770    -0.60469    -0.29605    -0.07475 
    0.60059    -0.81368     0.82268    -0.93514     0.00000     0.00000     0.00000    -0.17832    -1.69481    -0.02934    -0.50725     3.24318    -0.09409    -0.76246     0.41139     0.41827     0.00000     0.00000     0.00000     2.08925     2.30604     1.86950    -0.07430     0.14249    -0.29405    -1.50418    -1.28739    -1.72393 
    0.97355     0.66956    -0.71817    -0.81437     0.00000     0.00000     0.00000    -1.93470    -0.94581    -0.67569    -0.21087    -0.09409     3.77622     0.19334     0.49819    -0.71974     0.00000     0.00000     0.00000     0.76154     0.25339     0.35906    -1.84197    -2.35011    -2.24444     1.89131     1.38317     1.48884 
   -0.87039     0.33351    -0.60579     0.45043    -0.60396     0.82358     0.81587    -0.72810     1.36649    -0.90341     0.37847    -0.76246     0.19334     3.19574    -0.04115    -0.03923    -0.80258    -0.79377    -1.91873    -0.91935    -2.05593     0.25145     0.07467    -1.06190     1.24548     0.62125    -0.51532     1.79206 
   -0.86137     0.24673     0.30395    -0.62323     0.82806    -0.62787     0.65075    -0.51121    -0.65125     1.18266    -0.75761     0.41139     0.49819    -0.04115     2.88838     0.17187    -0.72496    -1.89369    -0.40983     2.18390     0.97745    -0.17354     0.23608    -0.97037    -2.12135     1.37595     0.16950    -0.98148 
   -0.83364    -0.61755     0.35566     0.14015     0.80312     0.63042    -0.62259     1.28877    -0.76745    -0.26799     0.35605     0.41827    -0.71974    -0.03923     0.17187     2.82900    -1.93203    -0.64759    -0.34163    -1.25477     1.14191    -0.01014    -0.33295     2.06374     0.91168    -2.08699     0.30970    -0.84236 
    0.96536     0.00000     0.00000     0.00000    -0.84668    -0.88942     0.78760    -0.77755     0.37468     0.26966     0.00000     0.00000     0.00000    -0.80258    -0.72496    -1.93203     4.07170    -0.34981    -0.27384     2.31900    -1.84813    -0.13746     1.98188    -2.18525    -0.47458     2.48673    -1.68040     0.03027 
    0.94782     0.00000     0.00000     0.00000    -0.83726     0.79131    -0.90113     0.40333     0.28202    -0.71842     0.00000     0.00000     0.00000    -0.79377    -1.89369    -0.64759    -0.34981     3.92169    -0.23534    -2.47436    -0.04974     1.57658    -1.92377     0.50085     2.12717    -2.30107     0.12355     1.74987 
    0.75581     0.00000     0.00000     0.00000     0.79510    -0.85382    -0.87480     0.44232    -0.79525     0.55356     0.00000     0.00000     0.00000    -1.91873    -0.40983    -0.34163    -0.27384    -0.23534     3.62732     0.22157     2.20825    -1.67776    -0.04576     1.94091    -1.94509    -0.19191     1.79476    -2.09124 
    0.00000     0.23044     0.91123    -1.37987     0.19314    -1.27293     1.06699    -0.98705    -1.09392     2.05084    -2.32418     2.08925     0.76154    -0.91935     2.18390    -1.25477     2.31900    -2.47436     0.22157     6.35944     2.35192     1.57057     1.56983    -2.43768    -3.21903     3.43759    -0.56992    -1.35127 
   -0.00000    -0.18531     1.10071    -1.22198     1.08224    -0.21870    -1.00423     0.90564    -2.03180     1.43602    -2.01554     2.30604     0.25339    -2.05593     0.97745     1.14191    -1.84813    -0.04974     2.20825     2.35192     5.42601     1.70534    -1.22263     1.85146    -1.86921    -1.24242     1.83166    -1.88901 
   -0.00000     0.00208     0.75405    -0.96092    -0.71500     0.79918     0.00224    -0.00956    -0.34746     0.28819    -1.79424     1.86950     0.35906     0.25145    -0.17354    -0.01014    -0.13746     1.57658    -1.67776     1.57057     1.70534     3.78406    -1.12273    -0.98797     1.09076    -0.67275    -0.53798     1.54074 
    0.00000    -0.74168    -0.01747     0.73374    -0.01683    -0.82089     0.84813     0.19771     0.07673    -0.19208     1.79776    -0.07430    -1.84197     0.07467     0.23608    -0.33295     1.98188    -1.92377    -0.04576     1.56983    -1.22263    -1.12273     4.20742     1.41496     1.51485     1.66690    -1.12556    -1.02566 
    0.00000    -1.15743     0.17201     0.89164     0.87226     0.23333    -1.22308     2.09040    -0.86115    -0.80690     2.10640     0.14249    -2.35011    -1.06190    -0.97037     2.06374    -2.18525     0.50085     1.94091    -2.43768     1.85146    -0.98797     1.41496     5.70410     2.86467    -3.01311     1.27602    -1.56340 
    0.00000    -0.97004    -0.17465     1.15270    -0.92497     1.25122    -0.21661     1.17520     0.82318    -1.95473     2.32770    -0.29405    -2.24444     1.24548    -2.12135     0.91168    -0.47458     2.12717    -1.94509    -3.21903    -1.86921     1.09076     1.51485     2.86467     5.82464    -2.44344    -1.09362     1.86635 
    0.00000     1.17740    -0.73184    -0.19886    -0.12065    -1.08922     1.23666    -2.11502     0.96723     0.80458    -0.60469    -1.50418     1.89131     0.62125     1.37595    -2.08699     2.48673    -2.30107    -0.19191     3.43759    -1.24242    -0.67275     1.66690    -3.01311    -2.44344     5.56534     0.88532     1.45500 
   -0.00000     0.76165    -0.54236    -0.04096     0.76844    -0.03499    -0.83455    -0.22233     0.02936     0.18976    -0.29605    -1.28739     1.38317    -0.51532     0.16950     0.30970    -1.68040     0.12355     1.79476    -0.56992     1.83166    -0.53798    -1.12556     1.27602    -1.09362     0.88532     3.28690     0.91726 
   -0.00000     0.94904    -0.88902     0.22010    -1.02879     0.98289     0.17192    -1.13753     1.71369    -0.95806    -0.07475    -1.72393     1.48884     1.79206    -0.98148    -0.84236     0.03027     1.74987    -2.09124    -1.35127    -1.88901     1.54074    -1.02566    -1.56340     1.86635     1.45500     0.91726     4.34701 

Eigenvalues of G:
   -0.00000   -0.00000   -0.00000    0.00000    0.00000    0.00000    0.00000    0.00000    0.00000    0.00000    0.39743    0.90094    0.96106    0.98964    0.99444    1.05302    1.06478    1.46897    1.65287    2.16435    2.49618    5.53593    6.59419    8.18659   10.78737   12.79771   18.59378   22.19878

Inverse G Matrix (square matrix with dimension 28) at the initial structure:
    1.99343     0.18608     0.18157     0.14862     0.18658     0.16500     0.17528     0.24704     0.20879     0.29457    -0.26855    -0.21927    -0.28732     0.23080     0.24462     0.25768    -0.26066    -0.26467    -0.23752    -0.01074    -0.01689    -0.00071    -0.00601    -0.01216     0.00402     0.01321     0.00707     0.02324 
    0.18608     0.83226     0.07081     0.02114    -0.01751    -0.01317     0.08254     0.11428    -0.10184    -0.06017     0.02824     0.03713     0.01385     0.00320     0.01045     0.05920    -0.00043    -0.03828    -0.03599     0.00265    -0.00685    -0.00058     0.05327     0.04377     0.05004    -0.05481    -0.06432    -0.05805 
    0.18157     0.07081     0.83696     0.08586     0.08622    -0.02071    -0.02348    -0.10442     0.11984    -0.11892     0.02600     0.00533     0.03693     0.04083     0.01240     0.00719    -0.03403    -0.03129     0.00244    -0.04278    -0.03627    -0.04951     0.00172     0.00823    -0.00501     0.04351     0.05001     0.03677 
    0.14862     0.02114     0.08586     0.83094    -0.03485     0.08089    -0.00290    -0.04984    -0.10653     0.12286     0.01441     0.01905     0.01994    -0.00258     0.05064     0.01130    -0.02907     0.00294    -0.03568     0.05337     0.05466     0.06383    -0.05183    -0.05054    -0.04138    -0.00495    -0.00367     0.00550 
    0.18658    -0.01751     0.08622    -0.03485     0.83559     0.06638     0.06147     0.01061     0.04698     0.00107    -0.03679     0.00407    -0.03144     0.11413    -0.09863    -0.10191     0.03230     0.03358     0.01018     0.00416    -0.04220     0.05128     0.00040    -0.04596     0.04752    -0.00486    -0.05123     0.04225 
    0.16500    -0.01317    -0.02071     0.08089     0.06638     0.83356     0.05131     0.00999    -0.00185     0.06511     0.00165    -0.03257    -0.04310    -0.08921     0.11255    -0.07853     0.02165     0.01351     0.02766     0.04456    -0.00653    -0.05880     0.05344     0.00235    -0.04992     0.04844    -0.00265    -0.05491 
    0.17528     0.08254    -0.02348    -0.00290     0.06147     0.05131     0.83247     0.05043     0.00016     0.01856    -0.03409    -0.03276    -0.00054    -0.09117    -0.07797     0.11795     0.01385     0.02144     0.02720    -0.05123     0.05242     0.00103    -0.05589     0.04776    -0.00362    -0.04122     0.06242     0.01104 
    0.24704     0.11428    -0.10442    -0.04984     0.01061     0.00999     0.05043     0.47686    -0.16333    -0.09513    -0.15583    -0.11219     0.10906     0.10078     0.08873    -0.10907    -0.05637    -0.01612    -0.01900     0.01934    -0.04405    -0.01269     0.06907     0.00568     0.03704     0.01193    -0.05146    -0.02010 
    0.20879    -0.10184     0.11984    -0.10653     0.04698    -0.00185     0.00016    -0.16333     0.42466    -0.17953    -0.12827     0.08030    -0.11512    -0.12065     0.09734     0.11390    -0.01689    -0.02135    -0.04426    -0.02805     0.00386    -0.05491     0.00159     0.03350    -0.02527     0.02250     0.05441    -0.00435 
    0.29457    -0.06017    -0.11892     0.12286     0.00107     0.06511     0.01856    -0.09513    -0.17953     0.56553     0.10014    -0.16922    -0.20538     0.13959    -0.11334     0.07602    -0.02690    -0.06287    -0.02335     0.00380     0.02750     0.07639    -0.08061    -0.05691    -0.00801    -0.02363     0.00007     0.04896 
   -0.26855     0.02824     0.02600     0.01441    -0.03679     0.00165    -0.03409    -0.15583    -0.12827     0.10014     0.17118     0.01242     0.00858    -0.01432    -0.05887    -0.02587     0.03482     0.03541     0.03167    -0.00881     0.00032     0.00782    -0.00671     0.00242     0.00992    -0.01000    -0.00088     0.00663 
   -0.21927     0.03713     0.00533     0.01905     0.00407    -0.03257    -0.03276    -0.11219     0.08030    -0.16922     0.01242     0.14501     0.03265    -0.04398    -0.01053    -0.02589     0.02615     0.02944     0.02991     0.01836     0.02282     0.00654     0.00711     0.01156    -0.00472    -0.02802    -0.02357    -0.03985 
   -0.28732     0.01385     0.03693     0.01994    -0.03144    -0.04310    -0.00054     0.10906    -0.11512    -0.20538     0.00858     0.03265     0.19716    -0.03138    -0.01535    -0.05979     0.03826     0.03859     0.03331     0.00499    -0.01131    -0.01149     0.01445    -0.00184    -0.00202     0.01987     0.00358     0.00340 
    0.23080     0.00320     0.04083    -0.00258     0.11413    -0.08921    -0.09117     0.10078    -0.12065     0.13959    -0.01432    -0.04398    -0.03138     0.43842    -0.15389    -0.15434    -0.12395    -0.12441     0.09015     0.02632    -0.00019     0.05558    -0.00610    -0.03261     0.02317    -0.02414    -0.05065     0.00513 
    0.24462     0.01045     0.01240     0.05064    -0.09863     0.11255    -0.07797     0.08873     0.09734    -0.11334    -0.05887    -0.01053    -0.01535    -0.15389     0.47039    -0.11482    -0.15897     0.09522    -0.13959     0.00369    -0.03829    -0.06588     0.07353     0.03155     0.00397     0.03362    -0.00836    -0.03594 
    0.25768     0.05920     0.00719     0.01130    -0.10191    -0.07853     0.11795    -0.10907     0.11390     0.07602    -0.02587    -0.02589    -0.05979    -0.15434    -0.11482     0.49423     0.09719    -0.16787    -0.14446    -0.03686     0.03031     0.00664    -0.07055    -0.00338    -0.02705    -0.00119     0.06598     0.04231 
   -0.26066    -0.00043    -0.03403    -0.02907     0.03230     0.02165     0.01385    -0.05637    -0.01689    -0.02690     0.03482     0.02615     0.03826    -0.12395    -0.15897     0.09719     0.16596     0.01099     0.02113     0.00530    -0.00423     0.00563    -0.00709    -0.01662    -0.00675     0.00873    -0.00080     0.00907 
   -0.26467    -0.03828    -0.03129     0.00294     0.03358     0.01351     0.02144    -0.01612    -0.02135    -0.06287     0.03541     0.02944     0.03859    -0.12441     0.09522    -0.16787     0.01099     0.17088     0.02232    -0.00832    -0.00829     0.00124     0.00931     0.00934     0.01887    -0.00738    -0.00735     0.00218 
   -0.23752    -0.03599     0.00244    -0.03568     0.01018     0.02766     0.02720    -0.01900    -0.04426    -0.02335     0.03167     0.02991     0.03331     0.09015    -0.13959    -0.14446     0.02113     0.02232     0.15321     0.00784     0.02328    -0.00815     0.00005     0.01549    -0.01595    -0.00847     0.00697    -0.02446 
   -0.01074     0.00265    -0.04278     0.05337     0.00416     0.04456    -0.05123     0.01934    -0.02805     0.00380    -0.00881     0.01836     0.00499     0.02632     0.00369    -0.03686     0.00530    -0.00832     0.00784     0.04900     0.02122     0.02905     0.03078     0.00299     0.01082     0.01930    -0.00848    -0.00065 
   -0.01689    -0.00685    -0.03627     0.05466    -0.04220    -0.00653     0.05242    -0.04405     0.00386     0.02750     0.00032     0.02282    -0.01131    -0.00019    -0.03829     0.03031    -0.00423    -0.00829     0.02328     0.02122     0.05563     0.03296    -0.01116     0.02326     0.00058    -0.00062     0.03379     0.01112 
   -0.00071    -0.00058    -0.04951     0.06383     0.05128    -0.05880     0.00103    -0.01269    -0.05491     0.07639     0.00782     0.00654    -0.01149     0.05558    -0.06588     0.00664     0.00563     0.00124    -0.00815     0.02905     0.03296     0.07440    -0.01407    -0.01016     0.03128    -0.00801    -0.00410     0.03734 
   -0.00601     0.05327     0.00172    -0.05183     0.00040     0.05344    -0.05589     0.06907     0.00159    -0.08061    -0.00671     0.00711     0.01445    -0.00610     0.07353    -0.07055    -0.00709     0.00931     0.00005     0.03078    -0.01116    -0.01407     0.07921     0.03728     0.03436     0.03332    -0.00862    -0.01153 
   -0.01216     0.04377     0.00823    -0.05054    -0.04596     0.00235     0.04776     0.00568     0.03350    -0.05691     0.00242     0.01156    -0.00184    -0.03261     0.03155    -0.00338    -0.01662     0.00934     0.01549     0.00299     0.02326    -0.01016     0.03728     0.05755     0.02412     0.01339     0.03366     0.00024 
    0.00402     0.05004    -0.00501    -0.04138     0.04752    -0.04992    -0.00362     0.03704    -0.02527    -0.00801     0.00992    -0.00472    -0.00202     0.02317     0.00397    -0.02705    -0.00675     0.01887    -0.01595     0.01082     0.00058     0.03128     0.03436     0.02412     0.05482     0.00600    -0.00423     0.02646 
    0.01321    -0.05481     0.04351    -0.00495    -0.00486     0.04844    -0.04122     0.01193     0.02250    -0.02363    -0.01000    -0.02802     0.01987    -0.02414     0.03362    -0.00119     0.00873    -0.00738    -0.00847     0.01930    -0.00062    -0.00801     0.03332     0.01339     0.00600     0.05723     0.03731     0.02992 
    0.00707    -0.06432     0.05001    -0.00367    -0.05123    -0.00265     0.06242    -0.05146     0.05441     0.00007    -0.00088    -0.02357     0.00358    -0.05065    -0.00836     0.06598    -0.00080    -0.00735     0.00697    -0.00848     0.03379    -0.00410    -0.00862     0.03366    -0.00423     0.03731     0.07958     0.04169 
    0.02324    -0.05805     0.03677     0.00550     0.04225    -0.05491     0.01104    -0.02010    -0.00435     0.04896     0.00663    -0.03985     0.00340     0.00513    -0.03594     0.04231     0.00907     0.00218    -0.02446    -0.00065     0.01112     0.03734    -0.01153     0.00024     0.02646     0.02992     0.04169     0.06791 

Initial gradient in terms of the internal coordinates (kcal/mol/Angstrom or kcal/mol/radian):
 -10.464441  -31.812504  -21.746560   79.437265  -41.923997   -4.770806   14.261180    3.283227    0.220859   -3.730432    0.301442   -7.150790    6.192046    3.742520   -1.358443    0.844431    0.102716   -1.700123   -2.066855   -3.503042   -5.197075   -2.466898   -0.252375   -1.946408    0.783769    5.053091    3.359058    6.089235 

Initial guess for the inverse Hessian M in internal coordinates:
    0.00167     0.00000     0.00000     0.00000     0.00000     0.00000     0.00000     0.00000     0.00000     0.00000     0.00000     0.00000     0.00000     0.00000     0.00000     0.00000     0.00000     0.00000     0.00000     0.00000     0.00000     0.00000     0.00000     0.00000     0.00000     0.00000     0.00000     0.00000 
    0.00000     0.00167     0.00000     0.00000     0.00000     0.00000     0.00000     0.00000     0.00000     0.00000     0.00000     0.00000     0.00000     0.00000     0.00000     0.00000     0.00000     0.00000     0.00000     0.00000     0.00000     0.00000     0.00000     0.00000     0.00000     0.00000     0.00000     0.00000 
    0.00000     0.00000     0.00167     0.00000     0.00000     0.00000     0.00000     0.00000     0.00000     0.00000     0.00000     0.00000     0.00000     0.00000     0.00000     0.00000     0.00000     0.00000     0.00000     0.00000     0.00000     0.00000     0.00000     0.00000     0.00000     0.00000     0.00000     0.00000 
    0.00000     0.00000     0.00000     0.00167     0.00000     0.00000     0.00000     0.00000     0.00000     0.00000     0.00000     0.00000     0.00000     0.00000     0.00000     0.00000     0.00000     0.00000     0.00000     0.00000     0.00000     0.00000     0.00000     0.00000     0.00000     0.00000     0.00000     0.00000 
    0.00000     0.00000     0.00000     0.00000     0.00167     0.00000     0.00000     0.00000     0.00000     0.00000     0.00000     0.00000     0.00000     0.00000     0.00000     0.00000     0.00000     0.00000     0.00000     0.00000     0.00000     0.00000     0.00000     0.00000     0.00000     0.00000     0.00000     0.00000 
    0.00000     0.00000     0.00000     0.00000     0.00000     0.00167     0.00000     0.00000     0.00000     0.00000     0.00000     0.00000     0.00000     0.00000     0.00000     0.00000     0.00000     0.00000     0.00000     0.00000     0.00000     0.00000     0.00000     0.00000     0.00000     0.00000     0.00000     0.00000 
    0.00000     0.00000     0.00000     0.00000     0.00000     0.00000     0.00167     0.00000     0.00000     0.00000     0.00000     0.00000     0.00000     0.00000     0.00000     0.00000     0.00000     0.00000     0.00000     0.00000     0.00000     0.00000     0.00000     0.00000     0.00000     0.00000     0.00000     0.00000 
    0.00000     0.00000     0.00000     0.00000     0.00000     0.00000     0.00000     0.00667     0.00000     0.00000     0.00000     0.00000     0.00000     0.00000     0.00000     0.00000     0.00000     0.00000     0.00000     0.00000     0.00000     0.00000     0.00000     0.00000     0.00000     0.00000     0.00000     0.00000 
    0.00000     0.00000     0.00000     0.00000     0.00000     0.00000     0.00000     0.00000     0.00667     0.00000     0.00000     0.00000     0.00000     0.00000     0.00000     0.00000     0.00000     0.00000     0.00000     0.00000     0.00000     0.00000     0.00000     0.00000     0.00000     0.00000     0.00000     0.00000 
    0.00000     0.00000     0.00000     0.00000     0.00000     0.00000     0.00000     0.00000     0.00000     0.00667     0.00000     0.00000     0.00000     0.00000     0.00000     0.00000     0.00000     0.00000     0.00000     0.00000     0.00000     0.00000     0.00000     0.00000     0.00000     0.00000     0.00000     0.00000 
    0.00000     0.00000     0.00000     0.00000     0.00000     0.00000     0.00000     0.00000     0.00000     0.00000     0.00667     0.00000     0.00000     0.00000     0.00000     0.00000     0.00000     0.00000     0.00000     0.00000     0.00000     0.00000     0.00000     0.00000     0.00000     0.00000     0.00000     0.00000 
    0.00000     0.00000     0.00000     0.00000     0.00000     0.00000     0.00000     0.00000     0.00000     0.00000     0.00000     0.00667     0.00000     0.00000     0.00000     0.00000     0.00000     0.00000     0.00000     0.00000     0.00000     0.00000     0.00000     0.00000     0.00000     0.00000     0.00000     0.00000 
    0.00000     0.00000     0.00000     0.00000     0.00000     0.00000     0.00000     0.00000     0.00000     0.00000     0.00000     0.00000     0.00667     0.00000     0.00000     0.00000     0.00000     0.00000     0.00000     0.00000     0.00000     0.00000     0.00000     0.00000     0.00000     0.00000     0.00000     0.00000 
    0.00000     0.00000     0.00000     0.00000     0.00000     0.00000     0.00000     0.00000     0.00000     0.00000     0.00000     0.00000     0.00000     0.00667     0.00000     0.00000     0.00000     0.00000     0.00000     0.00000     0.00000     0.00000     0.00000     0.00000     0.00000     0.00000     0.00000     0.00000 
    0.00000     0.00000     0.00000     0.00000     0.00000     0.00000     0.00000     0.00000     0.00000     0.00000     0.00000     0.00000     0.00000     0.00000     0.00667     0.00000     0.00000     0.00000     0.00000     0.00000     0.00000     0.00000     0.00000     0.00000     0.00000     0.00000     0.00000     0.00000 
    0.00000     0.00000     0.00000     0.00000     0.00000     0.00000     0.00000     0.00000     0.00000     0.00000     0.00000     0.00000     0.00000     0.00000     0.00000     0.00667     0.00000     0.00000     0.00000     0.00000     0.00000     0.00000     0.00000     0.00000     0.00000     0.00000     0.00000     0.00000 
    0.00000     0.00000     0.00000     0.00000     0.00000     0.00000     0.00000     0.00000     0.00000     0.00000     0.00000     0.00000     0.00000     0.00000     0.00000     0.00000     0.00667     0.00000     0.00000     0.00000     0.00000     0.00000     0.00000     0.00000     0.00000     0.00000     0.00000     0.00000 
    0.00000     0.00000     0.00000     0.00000     0.00000     0.00000     0.00000     0.00000     0.00000     0.00000     0.00000     0.00000     0.00000     0.00000     0.00000     0.00000     0.00000     0.00667     0.00000     0.00000     0.00000     0.00000     0.00000     0.00000     0.00000     0.00000     0.00000     0.00000 
    0.00000     0.00000     0.00000     0.00000     0.00000     0.00000     0.00000     0.00000     0.00000     0.00000     0.00000     0.00000     0.00000     0.00000     0.00000     0.00000     0.00000     0.00000     0.00667     0.00000     0.00000     0.00000     0.00000     0.00000     0.00000     0.00000     0.00000     0.00000 
    0.00000     0.00000     0.00000     0.00000     0.00000     0.00000     0.00000     0.00000     0.00000     0.00000     0.00000     0.00000     0.00000     0.00000     0.00000     0.00000     0.00000     0.00000     0.00000     0.01250     0.00000     0.00000     0.00000     0.00000     0.00000     0.00000     0.00000     0.00000 
    0.00000     0.00000     0.00000     0.00000     0.00000     0.00000     0.00000     0.00000     0.00000     0.00000     0.00000     0.00000     0.00000     0.00000     0.00000     0.00000     0.00000     0.00000     0.00000     0.00000     0.01250     0.00000     0.00000     0.00000     0.00000     0.00000     0.00000     0.00000 
    0.00000     0.00000     0.00000     0.00000     0.00000     0.00000     0.00000     0.00000     0.00000     0.00000     0.00000     0.00000     0.00000     0.00000     0.00000     0.00000     0.00000     0.00000     0.00000     0.00000     0.00000     0.01250     0.00000     0.00000     0.00000     0.00000     0.00000     0.00000 
    0.00000     0.00000     0.00000     0.00000     0.00000     0.00000     0.00000     0.00000     0.00000     0.00000     0.00000     0.00000     0.00000     0.00000     0.00000     0.00000     0.00000     0.00000     0.00000     0.00000     0.00000     0.00000     0.01250     0.00000     0.00000     0.00000     0.00000     0.00000 
    0.00000     0.00000     0.00000     0.00000     0.00000     0.00000     0.00000     0.00000     0.00000     0.00000     0.00000     0.00000     0.00000     0.00000     0.00000     0.00000     0.00000     0.00000     0.00000     0.00000     0.00000     0.00000     0.00000     0.01250     0.00000     0.00000     0.00000     0.00000 
